1.
| ?- kizarasos_szukites(szt(3,2,[]),   [[[1,2],[1,2],       0],
                                        [[1,2],[0,1,2], [1,2]],
                                        [0,    [1,2],   [1,2]]], Mx, Sz).
Mx =  [[[1,2],[1,2],0    ],
       [[1,2],[0],  [1,2]],
       [0,    [1,2],[1,2]]],
Sz = sor(2,0) ? ;
no

2.
| ?- kizarasos_szukites(szt(3,2,[]),   [[[1,2],[1,2],   [1,2]],
                                        [[1,2],[0,1,2], [1,2]],
                                        [0,    [1,2],   [1,2]]], Mx, Sz).
Mx = [], Sz = nem ? ;
no

3.
| ?- kizarasos_szukites(szt(3,2,[]),   [[[1,2],[1,2],   [0,2]],
                                        [[1,2],[0,1,2], [1,2]],
                                        [0,    [1,2],   [1,2]]], Mx, Sz).
Mx =  [[[1,2],[1,2],  [0]  ],
       [[1,2],[0,1,2],[1,2]],
       [0,    [1,2],  [1,2]]],
Sz = sor(1,0) ? ;
no

4.
| ?- kizarasos_szukites(szt(3,2,[]), [[[0,1,2],[1,2],   [0,2]  ],
                                      [[1,2],  [0,1,2], [0,1,2]],
                                      [[0,1],  [0,1,2], [0,1,2]]], Mx, Sz).
no

5.
| ?- kizarasos_szukites(szt(3,2,[]), [[[0,1,2],[1,2],   [0,2]  ],
                                      [[1,2],  [0,1,2], [0,1,2]],
                                      [[0,1],  [1,2],   [1,2]  ]], Mx, Sz).
Mx =  [[[0,1,2],[1,2],  [0,2]  ],
       [[1,2],  [0,1,2],[0,1,2]],
       [[0],    [1,2],  [1,2]  ]],
Sz = sor(3,0) ? ;
no

6.
| ?- kizarasos_szukites(szt(3,2,[]), [[[0,1,2],[1,2],   [0,2]  ],
                                      [[1,2],  [0,1,2], [0,1,2]],
                                      [[0,1],  [1,2],   [0,1,2]]], Mx, Sz).
Mx =  [[[0,1,2],[1,2],  [0,2]  ],
       [[1,2],  [0],    [0,1,2]],
       [[0,1],  [1,2],  [0,1,2]]],
Sz = oszl(2,0) ? ;
no

7.
| ?- kizarasos_szukites(szt(3,2,[]), [[[0,1],  [0,1],   [0,1,2]],
                                      [[1,2],  [0,1,2], [0,1,2]],
                                      [[0,1],  [1,2],   [0,1,2]]], Mx, Sz).
Mx =  [[[0,1],  [0,1],  [2]    ],
       [[1,2],  [0,1,2],[0,1,2]],
       [[0,1],  [1,2],  [0,1,2]]],
Sz = sor(1,2) ? ;
no

8.
| ?- kizarasos_szukites(szt(4,2,[]), [[[0,1,2],[0,1,2], [0,1,2], [0,1,2]],
                                      [[1,2],  [0,1,2], [0,1,2], [0,1,2]],
                                      [[0,1,2],[0,2],   [1,2],   [0,1,2]],
                                      [[0,1,2],[0,1,2], [0,1,2], [0,1,2]]],
                                      Mx, Sz).
no

9.
| ?- kizarasos_szukites(szt(4,2,[]), [[[1,2],  [0,1,2], [1,2],   [1,2]  ],
                                      [[1,2],  [0,1,2], [0,1,2], [0,1,2]],
                                      [[0,1,2],[0,2],   [1,2],   [0,1,2]],
                                      [[0,1,2],[0,1,2], [0,1,2], [0,1,2]]],
                                      Mx, Sz).
Mx = [], Sz = nem ? ;
no

10.
| ?- kizarasos_szukites(szt(4,2,[]), [[[0,1,2],[0,1,2], [0,1,2], [0,1,2]],
                                      [[1,2],  [0,1,2], [0,1,2], [0,1,2]],
                                      [[0,1,2],[0,2],   [1,2],   [1,2]  ],
                                      [[0,1,2],[0,1,2], [0,1,2], [0,1,2]]],
                                      Mx, Sz).
Mx =  [[[0,1,2],[0,1,2],[0,1,2],[0,1,2]],
       [[1,2],  [0,1,2],[0,1,2],[0,1,2]],
       [[0],    [0],    [1,2],  [1,2]  ],
       [[0,1,2],[0,1,2],[0,1,2],[0,1,2]]],
Sz = sor(3,0) ? ;
no
